0.39
0.34
0.55
0.31
0.43
0.80
0.84
0.76
0.77
0.82
0.81
0.69
0.71
0.84
0.84
0.85
0.94
0.97
0.95
0.95
0.97
0.97
0.97
0.95
0.65
0.40
0.39
0.64
0.78
0.91
0.88
0.90
0.88
0.93
0.93
0.93
0.91
0.94
0.92
0.95
0.96
0.96
0.95
0.94
0.94
0.96
0.95
0.96
0.95
0.94
0.28
0.56
0.57
0.26
0.68
0.71
0.32
0.35
0.60
0.70
0.76
0.63
0.88
0.88
0.73
0.68
0.92
0.69
0.79
0.78
0.62
0.79
0.79
0.89
0.94
0.94
0.94
0.95
0.96
0.95
0.96
0.94
0.97
0.97
0.97
0.97
0.96
0.97
0.96
0.97
0.93
0.78
0.83
0.82
0.91
0.92
0.92
0.94
0.93
0.95
0.93
0.94
0.87
